Date        Volume
12.29.24	29,635,885,267
12.28.24	24,107,436,185
12.27.24	52,419,934,565
12.26.24	47,054,980,873
12.25.24	33,700,394,629
12.24.24	47,114,953,674
12.23.24	65,239,002,919
12.22.24	43,147,981,314
12.21.24	51,765,334,294
12.20.24	105,634,083,408
12.19.24	97,221,662,392
12.18.24	93,865,656,139
12.17.24	68,589,364,868
12.16.24	91,020,417,816
12.15.24	51,145,914,137
12.14.24	40,422,968,793
12.13.24	56,894,751,583
12.12.24	72,073,983,533
12.11.24	85,391,409,936
12.10.24	104,823,780,634
12.09.24	110,676,473,908
12.07.24	44,177,510,897
12.06.24  	94,534,772,658
12.05.24	149,218,945,580
12.04.24	77,199,817,112
12.03.24	67,067,810,961
12.02.24	72,680,784,305
12.01.24	36,590,695,296
11.30.24	31,634,227,866
11.29.24	54,968,682,476
11.28.24	52,260,008,261
11.27.24	71,133,452,438
11.26.24	91,656,519,855
11.25.24	80,909,462,490
11.24.24	51,712,020,623
11.23.24	44,414,644,677
11.22.24	78,473,580,551
11.21.24	106,024,505,582
11.20.24	71,730,956,426
11.19.24	74,521,048,295
11.18.24	75,535,775,084
11.17.24	46,350,159,305
11.16.24	44,333,192,814
11.15.24	78,243,109,518
11.14.24	87,616,705,248
11.13.24	123,559,027,869
11.12.24	133,673,285,375
11.11.24	117,966,845,037
11.10.24	82,570,594,495
11.09.24	29,009,480,361
11.08.24	55,176,858,003
11.07.24	63,467,654,989
11.06.24	118,592,653,963
11.05.24	46,046,889,204
11.04.24	41,184,819,348
11.03.24	34,868,307,655
11.02.24	18,184,612,091
11.01.24	49,989,795,365
10.31.24	40,627,912,076
10.30.24	40,646,637,831
10.29.24	58,541,874,402
10.28.24	38,799,856,657
10.27.24	16,721,307,878
10.26.24	19,588,098,156
10.25.24	41,469,984,306
10.24.24	31,414,428,647
10.23.24	32,263,980,353
10.22.24	31,808,472,566
10.21.24	37,498,611,780
10.20.24	18,975,847,518
10.19.24	14,443,497,908
10.18.24	36,857,165,014
10.17.24	32,790,898,511
10.16.24	38,195,189,534
10.15.24	48,863,870,879
10.14.24	43,706,958,056
10.13.24	18,177,529,690
10.12.24	16,744,110,886
10.11.24	30,327,141,594
10.10.24	30,452,813,570
10.09.24	27,670,982,363
10.08.24	28,134,475,157
10.07.24	34,253,562,610
10.06.24	14,776,233,667
10.05.24	13,305,410,749
10.04.24	29,585,472,513
10.03.24	36,106,447,279
10.02.24	40,762,722,398
10.01.24	50,220,923,500
09.30.24	37,112,957,475
09.29.24	14,788,214,575
09.28.24	15,243,637,984
09.27.24	32,058,813,449
09.26.24	36,873,129,847
09.25.24	25,078,377,700
09.24.24	29,938,335,243
09.23.24	31,400,285,425
09.22.24	20,183,348,802
09.21.24	14,408,616,220
09.20.24	35,177,164,222
09.19.24	42,710,252,573
09.18.24	40,990,702,891
09.17.24	38,075,570,118
09.16.24	32,032,822,113
09.15.24	18,120,960,867
09.14.24	16,428,405,496
09.13.24	32,490,528,356
09.12.24	33,835,707,949
09.11.24	37,049,062,672
09.10.24	28,857,630,507
09.09.24	34,618,096,173
09.08.24	18,268,287,531
09.07.24	19,061,486,526
09.06.24	49,361,693,566
09.05.24	31,030,280,656
09.04.24	35,627,680,312
09.03.24	26,666,961,053
09.02.24	27,036,454,524
09.01.24	24,592,449,997
08.31.24	12,403,470,760
08.30.24	32,292,756,405
08.29.24	32,224,990,582
08.28.24	40,289,564,698
08.27.24	39,103,882,198
08.26.24	27,682,040,631
08.25.24	18,827,683,555
08.24.24	21,430,585,163
08.23.24	42,530,509,233
08.22.24	27,625,734,377
08.21.24	32,731,154,072
08.20.24	31,613,400,008
08.19.24	25,911,207,712
08.18.24	17,740,625,837
08.17.24	13,589,684,021
08.16.24	29,350,938,673
08.15.24	35,682,112,440
08.14.24	29,961,696,180
08.13.24	30,327,698,167
08.12.24	37,078,637,820
08.11.24	22,759,754,812
08.10.24	15,745,822,278
08.09.24	33,425,553,115
08.08.24	45,298,472,567
08.07.24	41,637,562,185
08.06.24	49,300,484,106
08.05.24	108,991,085,584
08.04.24	31,758,917,219
08.03.24	31,753,030,589
08.02.24	43,060,875,727
08.01.24	40,975,554,494
07.31.24	31,292,785,994
07.30.24	31,380,492,109
07.29.24	40,780,682,628
07.28.24	18,043,166,945
07.27.24	34,691,905,492
07.26.24	30,488,630,457
07.25.24	38,315,761,670
07.24.24	27,470,942,309
07.23.24	35,605,668,666
07.22.24	42,649,109,453
07.21.24	26,652,190,004
07.20.24	19,029,581,250
07.19.24	37,003,855,410
07.18.24	27,239,305,337
07.17.24	32,525,071,311
07.16.24	41,617,346,768
07.15.24	38,094,526,099
07.14.24	22,223,416,061
07.13.24	17,080,061,806
07.12.24	25,604,805,221
07.11.24	28,707,803,842
07.10.24	26,175,260,526
07.09.24	27,849,512,607
07.08.24	39,766,159,899
07.07.24	20,553,359,505
07.06.24	20,610,320,577
07.05.24	55,417,544,033
07.04.24	41,149,609,230
07.03.24	29,756,701,685
07.02.24	20,151,616,992
07.01.24	25,468,379,421
06.30.24	17,333,226,409
06.29.24	12,652,903,396
06.28.24	24,952,866,877
06.27.24	21,231,745,045
06.26.24	22,506,003,064
06.25.24	29,201,215,431
06.24.24	43,152,133,651
06.23.24	11,170,471,802
06.22.24	9,858,198,793
06.21.24	26,188,171,739
06.20.24	25,641,109,124
06.19.24	21,103,423,504
06.18.24	39,481,285,950
06.17.24	30,006,354,476
06.16.24	13,281,140,541
06.15.24	14,121,265,576
06.14.24	27,403,884,779
06.13.24	28,955,204,146
06.12.24	34,497,940,694
06.11.24	37,116,136,345
06.10.24	20,597,699,541
06.09.24	13,534,028,500
06.08.24	14,262,185,861
06.07.24	36,188,381,096
06.06.24	25,223,152,007
06.05.24	32,810,771,409
06.04.24	33,149,696,545
06.03.24	32,401,285,324
06.02.24	17,110,588,415
06.01.24	11,641,495,604
05.31.24	27,387,283,769
05.30.24	29,509,712,534
05.29.24	26,707,072,906
05.28.24	32,722,265,965
05.27.24	25,870,990,717
05.26.24	15,628,433,737
05.25.24	15,473,071,741
05.24.24	29,197,308,153
05.23.24	41,895,680,979
05.22.24	32,802,561,717
05.21.24	46,932,005,990
05.20.24	43,850,655,717
05.19.24	19,249,094,538
05.18.24	16,712,277,406
05.17.24	28,031,279,310
05.16.24	31,573,077,994
05.15.24	39,815,167,074
05.14.24	28,186,271,527
05.13.24	27,889,181,179
05.12.24	13,800,459,405
05.11.24	13,842,272,968
05.10.24	27,804,954,694
05.09.24	25,453,338,161
05.08.24	26,088,172,222
05.07.24	25,930,730,982
05.06.24	28,697,928,697
05.05.24	18,296,164,805
05.04.24	20,620,477,992
05.03.24	33,172,023,048
05.02.24	32,711,813,559
05.01.24	48,439,780,271
04.30.24	37,840,840,057
04.29.24	26,635,912,073
04.28.24	17,334,827,993
04.27.24	19,530,783,039
04.26.24	24,139,372,950
04.25.24	32,155,786,816
04.24.24	30,276,655,120
04.23.24	24,310,975,583
04.22.24	28,282,686,673
04.21.24	20,506,644,853
04.20.24	23,097,485,495
04.19.24	49,920,425,401
04.18.24	36,006,307,335
04.17.24	41,915,247,049
04.16.24	42,847,528,078
04.15.24	43,595,917,654
04.14.24	49,084,320,047
04.13.24	52,869,738,185
04.12.24	44,129,299,406
04.11.24	30,153,382,941
04.10.24	38,318,601,774
04.09.24	36,426,900,409
04.08.24	37,261,432,669
04.07.24	21,204,930,369
04.06.24	19,967,785,809
04.05.24	33,748,230,056
04.04.24	34,439,527,442
04.03.24	34,488,018,367
04.02.24	50,705,240,709
04.01.24	34,873,527,352
03.31.24	20,050,941,373
03.30.24	17,130,241,883
03.29.24	25,230,851,763
03.28.24	34,374,900,617
03.27.24	40,827,113,309
03.26.24	36,010,437,368
03.25.24	42,700,139,523
03.24.24	27,206,630,673
03.23.24	24,738,964,812
03.22.24	41,401,116,964
03.21.24	44,480,350,565
03.20.24	66,792,634,382
03.19.24	74,215,844,794
03.18.24	49,261,579,492
03.17.24	44,716,864,318
03.16.24	46,842,198,371
03.15.24	78,320,453,976
03.14.24	59,594,605,698
03.13.24	48,212,536,929
03.12.24	62,554,434,520
03.11.24	65,716,656,765
03.10.24	35,683,977,532
03.09.24	21,609,650,379
03.08.24	59,202,881,172
03.07.24	46,989,543,159
03.06.24	68,750,229,073
03.05.24	102,802,940,877
03.04.24	70,670,471,105
03.03.24	26,253,811,450
03.02.24	23,888,473,685
03.01.24	40,186,368,423
02.29.24	65,496,611,844
02.28.24	83,239,156,760
02.27.24	49,756,832,031
02.26.24	34,074,411,896
02.25.24	15,413,239,245
02.24.24	15,174,077,879
02.23.24	21,427,078,270
02.22.24	25,413,900,611
02.21.24	28,624,907,020
02.20.24	33,353,758,256
02.19.24	21,362,184,346
02.18.24	17,595,377,311
02.17.24	20,009,091,006
02.16.24	28,180,567,298
02.15.24	38,564,360,533
02.14.24	39,105,608,050
02.13.24	35,593,051,468
02.12.24	34,511,985,805
02.11.24	19,315,867,136
02.10.24	16,398,681,570
02.09.24	39,316,770,844
02.08.24	26,154,524,080
02.07.24	21,126,587,775
02.06.24	16,798,476,726
02.05.24	18,715,487,317
02.04.24	14,802,225,490
02.03.24	11,169,245,236
02.02.24	18,603,843,039
02.01.24	21,423,953,779
01.31.24	24,673,628,793
01.30.24	23,842,814,518
01.29.24	20,668,476,578
01.28.24	16,858,971,687
01.27.24	11,422,941,934
01.26.24	25,598,119,893
01.25.24	18,491,782,013
01.24.24	22,359,526,178
01.23.24	29,244,553,045
01.22.24	31,338,708,143
01.21.24	9,344,043,642
01.20.24	11,586,690,904
01.19.24	25,752,407,154
01.18.24	25,218,357,242
01.17.24	20,851,232,595
01.16.24	24,062,872,740
01.15.24	22,320,220,558
01.14.24	17,521,429,522
01.13.24	20,601,860,469
01.12.24	43,332,698,900
01.11.24	45,833,734,549
01.10.24	50,114,613,298
01.09.24	39,821,290,992
01.08.24	42,746,192,015
01.07.24	19,330,573,863
01.06.24	16,092,503,468
01.05.24	32,336,029,347
01.04.24	30,448,091,210
01.03.24	46,342,323,118
01.02.24	39,335,274,536
01.01.24	18,426,978,443
