Date        Volume
12.29.24	1,654,780,626
12.28.24	1,410,132,054
12.27.24	2,157,162,506
12.26.24	2,514,756,816
12.25.24	2,538,802,504
12.24.24	3,138,423,654
12.23.24	4,390,431,993
12.22.24	4,115,525,341
12.21.24	6,875,286,934
12.20.24	11,414,899,319
12.19.24	9,565,836,573
12.18.24	5,749,656,033
12.17.24	3,618,256,203
12.16.24	3,891,164,219
12.15.24	2,654,366,167
12.14.24	3,165,759,137
12.13.24	3,815,608,761
12.12.24	5,601,004,925
12.11.24	6,670,843,571
12.10.24	11,257,345,383
12.09.24	11,830,538,830
12.08.24	8,171,222,257
12.07.24	8,127,914,572
12.06.24	6,668,459,793
12.05.24	15,284,058,219
12.04.24	8,065,078,709
12.03.24	9,362,620,939
12.02.24	13,072,433,718
12.01.24	8,333,397,829
11.30.24	5,601,447,294
11.29.24	6,768,739,922
11.28.24	5,955,119,388
11.27.24	6,388,400,976
11.26.24	8,847,260,920
11.25.24	9,773,285,006
11.24.24	12,213,185,937
11.23.24	20,873,625,275
11.22.24	13,591,947,495
11.21.24	8,052,510,566
11.20.24	8,029,529,786
11.19.24	12,889,618,537
11.18.24	8,396,330,143
11.17.24	7,832,273,719
11.16.24	7,524,229,950
11.15.24	11,623,194,182
11.14.24	15,564,516,841
11.13.24	28,286,313,456
11.12.24	39,936,467,957
11.11.24	19,590,715,363
11.10.24	14,901,681,717
11.09.24	4,290,391,407
11.08.24	4,089,504,352
11.07.24	4,338,342,915
11.06.24	12,194,137,333
11.05.24	4,095,671,194
11.04.24	2,541,759,238
11.03.24	2,214,868,458
11.02.24	1,342,216,649
11.01.24	2,406,203,136
10.31.24	2,213,630,995
10.30.24	2,319,205,433
10.29.24	3,785,378,330
10.28.24	3,078,140,199
10.27.24	1,129,296,560
10.26.24	947,921,669
10.25.24	1,458,877,964
10.24.24	1,349,772,912
10.23.24	1,430,747,359
10.22.24	1,647,303,198
10.21.24	2,075,196,142
10.20.24	1,456,913,937
10.19.24	1,898,579,280
10.18.24	2,216,997,635
10.17.24	1,557,107,117
10.16.24	2,270,276,586
10.15.24	1,367,247,373
10.14.24	1,038,038,455
10.13.24	573,648,913
10.12.24	519,024,338
10.11.24	650,490,847
10.10.24	749,185,963
10.09.24	667,785,123
10.08.24	615,072,081
10.07.24	849,108,258
10.06.24	435,305,366
10.05.24	391,880,787
10.04.24	670,077,063
10.03.24	825,842,052
10.02.24	910,153,432
10.01.24	1,332,235,464
09.30.24	976,744,755
09.29.24	856,945,778
09.28.24	1,449,764,972
09.27.24	1,367,867,354
09.26.24	1,347,684,388
09.25.24	696,620,734
09.24.24	708,492,630
09.23.24	644,419,670
09.22.24	480,950,368
09.21.24	502,306,053
09.20.24	595,150,523
09.19.24	656,532,122
09.18.24	549,512,848
09.17.24	480,290,242
09.16.24	528,755,469
09.15.24	428,890,116
09.14.24	426,157,956
09.13.24	675,630,464
09.12.24	439,730,013
09.11.24	532,198,021
09.10.24	465,166,360
09.09.24	698,093,518
09.08.24	381,739,751
09.07.24	412,044,016
09.06.24	802,922,234
09.05.24	452,927,311
09.04.24	579,587,111
09.03.24	395,659,305
09.02.24	463,950,026
09.01.24	424,515,197
08.31.24	303,734,469
08.30.24	572,514,236
08.29.24	461,885,564
08.28.24	657,073,357
08.27.24	615,156,838
08.26.24	560,759,055
08.25.24	584,876,309
08.24.24	673,199,379
08.23.24	860,650,259
08.22.24	391,690,266
08.21.24	509,933,481
08.20.24	695,089,222
08.19.24	463,249,309
08.18.24	377,630,490
08.17.24	305,545,333
08.16.24	539,609,334
08.15.24	617,034,813
08.14.24	564,943,505
08.13.24	575,505,923
08.12.24	778,786,434
08.11.24	676,944,256
08.10.24	371,267,774
08.09.24	602,450,305
08.08.24	858,015,369
08.07.24	1,000,135,339
08.06.24	1,124,169,389
08.05.24	3,194,029,250
08.04.24	827,323,034
08.03.24	808,239,471
08.02.24	826,720,039
08.01.24	861,079,384
07.31.24	609,802,169
07.30.24	638,122,391
07.29.24	809,333,955
07.28.24	755,293,791
07.27.24	1,193,072,781
07.26.24	752,603,628
07.25.24	970,420,635
07.24.24	734,879,689
07.23.24	963,364,309
07.22.24	1,468,393,831
07.21.24	1,229,665,449
07.20.24	1,109,519,614
07.19.24	724,349,409
07.18.24	710,080,580
07.17.24	731,025,036
07.16.24	1,023,424,280
07.15.24	865,334,768
07.14.24	551,768,272
07.13.24	497,448,463
07.12.24	468,503,073
07.11.24	546,104,180
07.10.24	552,090,147
07.09.24	572,733,013
07.08.24	1,023,119,021
07.07.24	641,031,095
07.06.24	842,720,114
07.05.24	1,709,690,679
07.04.24	1,239,123,198
07.03.24	657,681,923
07.02.24	408,063,753
07.01.24	452,573,746
06.30.24	369,166,834
06.29.24	285,391,178
06.28.24	634,763,078
06.27.24	616,932,730
06.26.24	526,276,880
06.25.24	783,244,352
06.24.24	951,099,440
06.23.24	429,188,641
06.22.24	328,642,106
06.21.24	598,393,023
06.20.24	734,399,819
06.19.24	642,487,745
06.18.24	1,413,960,450
06.17.24	960,646,592
06.16.24	385,407,083
06.15.24	476,136,328
06.14.24	859,600,884
06.13.24	790,003,626
06.12.24	1,274,848,212
06.11.24	1,271,975,142
06.10.24	752,565,082
06.09.24	656,320,138
06.08.24	872,877,278
06.07.24	1,581,768,204
06.06.24	893,170,339
06.05.24	820,053,785
06.04.24	760,727,969
06.03.24	929,987,302
06.02.24	585,756,299
06.01.24	496,035,603
05.31.24	945,969,518
05.30.24	1,452,218,159
05.29.24	1,525,668,595
05.28.24	1,410,223,091
05.27.24	1,404,874,711
05.26.24	1,359,410,362
05.25.24	1,489,582,490
05.24.24	3,012,763,365
05.23.24	2,243,999,960
05.22.24	1,978,486,152
05.21.24	2,792,364,765
05.20.24	1,512,244,150
05.19.24	786,457,296
05.18.24	771,261,615
05.17.24	1,112,782,871
05.16.24	1,374,063,837
05.15.24	1,767,635,344
05.14.24	1,899,294,334
05.13.24	1,918,835,792
05.12.24	601,107,964
05.11.24	533,516,788
05.10.24	1,056,928,481
05.09.24	1,093,467,705
05.08.24	1,159,774,226
05.07.24	1,139,969,527
05.06.24	1,747,675,308
05.05.24	1,506,950,274
05.04.24	2,791,346,636
05.03.24	1,266,276,714
05.02.24	1,308,884,973
05.01.24	2,135,887,034
04.30.24	1,342,359,702
04.29.24	1,030,579,266
04.28.24	638,063,324
04.27.24	847,646,783
04.26.24	877,813,549
04.25.24	1,078,441,792
04.24.24	1,524,749,099
04.23.24	1,047,860,346
04.22.24	1,251,987,179
04.21.24	1,293,159,346
04.20.24	1,649,509,831
04.19.24	2,186,567,402
04.18.24	1,947,482,132
04.17.24	1,972,027,907
04.16.24	2,473,810,383
04.15.24	3,604,719,833
04.14.24	3,723,264,167
04.13.24	4,750,917,199
04.12.24	3,611,512,055
04.11.24	2,179,869,259
04.10.24	2,662,343,295
04.09.24	2,078,490,138
04.08.24	2,106,344,172
04.07.24	2,643,420,654
04.06.24	1,620,171,667
04.05.24	1,914,940,616
04.04.24	2,153,623,709
04.03.24	3,112,605,374
04.02.24	3,855,758,084
04.01.24	3,408,206,742
03.31.24	2,414,867,092
03.30.24	2,403,795,719
03.29.24	3,493,454,859
03.28.24	6,553,128,323
03.27.24	4,055,908,716
03.26.24	2,877,194,654
03.25.24	2,654,389,972
03.24.24	2,848,346,890
03.23.24	2,912,614,106
03.22.24	2,672,448,713
03.21.24	2,581,283,877
03.20.24	3,190,645,446
03.19.24	2,946,516,944
03.18.24	1,657,669,949
03.17.24	2,329,294,453
03.16.24	2,400,392,026
03.15.24	3,584,306,802
03.14.24	6,047,716,785
03.13.24	1,930,415,342
03.12.24	2,524,942,571
03.11.24	2,905,703,482
03.10.24	2,274,489,696
03.09.24	3,451,219,764
03.08.24	3,976,624,455
03.07.24	3,006,036,407
03.06.24	4,497,901,224
03.05.24	9,368,269,377
03.04.24	6,348,241,494
03.03.24	4,012,808,483
03.02.24	3,588,994,520
03.01.24	3,758,449,851
02.29.24	4,799,960,277
02.28.24	3,843,947,641
02.27.24	1,806,722,811
02.26.24	523,738,048
02.25.24	290,853,292
02.24.24	326,082,311
02.23.24	400,189,069
02.22.24	362,895,383
02.21.24	435,393,890
02.20.24	801,458,657
02.19.24	663,450,017
02.18.24	300,251,530
02.17.24	347,758,664
02.16.24	441,121,282
02.15.24	636,946,996
02.14.24	627,015,518
02.13.24	419,683,385
02.12.24	360,525,326
02.11.24	304,303,558
02.10.24	212,946,391
02.09.24	333,635,097
02.08.24	248,828,595
02.07.24	213,373,948
02.06.24	192,061,699
02.05.24	257,544,919
02.04.24	183,715,849
02.03.24	152,907,809
02.02.24	220,161,256
02.01.24	257,042,563
01.31.24	307,301,569
01.30.24	333,456,483
01.29.24	540,569,157
01.28.24	257,196,385
01.27.24	212,327,663
01.26.24	283,895,680
01.25.24	292,888,748
01.24.24	372,585,722
01.23.24	555,482,191
01.22.24	673,330,908
01.21.24	948,730,356
01.20.24	684,267,184
01.19.24	351,038,255
01.18.24	314,880,990
01.17.24	261,149,597
01.16.24	328,206,882
01.15.24	272,657,967
01.14.24	461,353,847
01.13.24	297,741,301
01.12.24	607,108,203
01.11.24	778,110,109
01.10.24	703,451,086
01.09.24	957,047,300
01.08.24	603,250,657
01.07.24	399,266,341
01.06.24	414,677,901
01.05.24	547,983,037
01.04.24	514,230,239
01.03.24	1,026,941,029
01.02.24	496,309,010
01.01.24	298,687,049
